name,address,type
Hair Team,12007 S Pulaski Rd,Beauty salon
Hair Forte,11521 S Pulaski Rd,Beauty salon
Studio K Hair Design & Spa,11638 S Pulaski Rd a,Hair salon
Sizzor Trix,4020 W 127th St,Beauty salon
The Best Nail & Spa,12233 S Pulaski Rd,Nail salon
Q Nails,5422 W 127th St,Nail salon
American Nails,12215 S Cicero Ave #2906,Nail salon
Colleen's Dream Inc,5047 W 111th St,Beauty salon
Mimi's Nail Salon,5045 W 111th St,Nail salon
H & T Nails,12023 S Pulaski Rd,Beauty salon
Emma Lee Salon,11954 S Pulaski Rd,Nail salon
Agape Salon & Spa,5555 W 127th St,Beauty salon
Star Nail & Spa,11519 S Pulaski Rd,Nail salon
Hair and Threading Salon,11945 S Pulaski Rd,Hair salon
Scissor Hands Salon,10822 S Cicero Ave,Beauty salon
Salon 109,10941 S Cicero Ave,Beauty salon
Shape Em Up Beauty Salon,13310 S Cicero Ave,Beauty salon
Beyond Beauty Salon N Spa,12717 S Ridgeland Ave,Beauty salon
Beauty By Pearl,11821 S Pulaski Rd,Beauty salon
LAN's Nail & Spa,10943 S Cicero Ave,Nail salon
City Nails and Spa,10634 S Cicero Ave,Nail salon
Great Clips,11014 S Cicero Ave,Beauty salon
A Flair With Hair,5924 W 111th St,Beauty salon
Exotik Lookz Hair salon,,Beauty salon
Hot Nails,13115 Rivercrest Dr,Nail salon
Magic Hands Salon Spa,13559 S Cicero Ave,Beauty salon
Vanessas hair studio for him and her 2,11618 S Pulaski Rd,Hair salon
Strands Hair Salon,4607 W 103rd St,Beauty salon
Above & Beyond Full Service Salon & Spa,4821 W 103rd St,Beauty salon
Lety Hair Salon,12255 Western Ave,Beauty salon
Bernice's Beauty Boutique And Salon,3315 W 137th St,Beauty salon
Renata Beauty Salon,12558 Western Ave,Beauty salon
Windy City Spa Hair Salon,2351 York St,Beauty salon
Nicole Marie Salon,3453 W 111th St,Beauty salon
Alexis Beauty Salon,13020 Western Ave,Beauty salon
Tan Centric,,Beauty salon
international hair studio,2459 W 123rd St,Beauty salon
Headlines Salon & Spa,12232 S Harlem Ave,Beauty salon
Nail Salon,,Nail salon
O'Hara & Friends Salon,7008 W 127th St,Beauty salon
Hair Executives,Blue Island,Beauty salon
Face To Face Hair Design,Chicago,Beauty salon
Hair Reflections,Oak Lawn,Beauty salon
victoire african hair braiding,Alsip,Hair salon
Studio 21,Oak Lawn,Beauty salon
Jan Michaels Salon & Spa,Worth,Beauty salon
Heads Over Hill's Salon,Blue Island,Beauty salon
Salon a Go Go,Crestwood,Beauty salon
D Luxe Nails & Salon,Oak Lawn,Beauty salon
Hi-Style Women’s Salon,Oak Lawn,Beauty salon
Robert Kendal Salon & Day Spa,Palos Heights,Beauty salon
Locke Beauty,Robbins,Beauty salon
Elisa's Creation,Blue Island,Beauty salon
Mobile Nails Chicago,,Nail salon
Lush a Color Bar and hair Salon,Palos Heights,Beauty salon
Nancy Koss Salon & Spa,Oak Lawn,Beauty salon
Beauty & Beyond Salon,Worth,Beauty salon
Salon L,Palos Heights,Beauty salon
Supercuts,Crestwood,Beauty salon
Areli's Beauty Salon,Blue Island,Beauty salon
Giovanni's Hair Salon,Worth,Beauty salon
RP Salon and Spa,Palos Heights,Hair salon
Rare Hair,Chicago,Beauty salon
Kimberly K Hair Studio,Midlothian,Hair salon
Charmed beauty,Worth,Beauty salon
Hair To Please,Worth,Beauty salon
Heads-N-Tails Hair & Nail Center,Chicago Ridge,Beauty salon
Van Gogh The Hair Artist,Palos Heights,Beauty salon
One 11 Salon,Chicago,Beauty salon
Sita Beauty Care Salon and Eyebrow Threading,Oak Lawn,Beauty salon
Preet Beauties Chicago - Eyebrow Threading & Waxing Salon,Chicago,Hair removal service
Opulent Beauty,Palos Heights,Beauty salon
Lisa & Lisa Unisex Salon,Blue Island,Beauty salon
Mercie Nails,Palos Heights,Nail salon
Women Beauty Salon Near Me,Oak Lawn,Beauty salon
Sister's Hair Gallory,Chicago,Beauty salon
Great Beginnings,Oak Lawn,Beauty salon
Nawal's Salon,Palos Heights,Beauty salon
Synergy Style Studio,Crestwood,Beauty salon
Soak It Up,,Beauty salon
Jamarco Salon,Worth,Beauty salon
New Day Spa Salon,Oak Lawn,Beauty salon
Imperial Styles Hair Salon,Midlothian,Beauty salon
Michael Alexander's Hair Salon,Oak Lawn,Beauty salon
Rachel's African Hair Braiding,Oak Lawn,Beauty salon
Angel Nail,Oak Lawn,Nail salon
Queen Nails,Crestwood,Nail salon
Willy Cutz,Oak Lawn,Beauty salon
Visible Changes Beauty Parlor,Chicago,Beauty salon
Great Clips,Merrionette Park,Beauty salon
Shears To You Salon,Oak Lawn,Beauty salon
Eva's Hair Salon,Palos Hills,Beauty salon
Isabella Hair Studio,Midlothian,Beauty salon
Miles of Styles,Chicago,Beauty salon
Bellagio Nails & Spa,Palos Heights,Nail salon
Velvet Nails,Oak Lawn,Nail salon
Oak Forest Friendly Nail Salon,,Nail salon
Acg cutz 2 barbershop & salon,Alsip,Hair salon
Hair City Beauty Barber Salon,,Beauty salon
Image 21 Salon and Spa,Oak Lawn,Beauty salon
Windy City Mobile Spa,,Nail salon
Dino's Superclips,Worth,Beauty salon
Perfection's Beauty Hair Salon,Chicago,Beauty salon
Villa Nail Salon & Spa,Oak Lawn,Nail salon
Riviera Hair Design,Oak Lawn,Beauty salon
Sheka Shear Beauty Bar,Midlothian,Beauty salon
Almaz Salon & Spa,Chicago Ridge,Beauty salon
Rosy's Family Hair Care,Midlothian,Beauty salon
Estetica Beauty Salon,Hickory Hills,Beauty salon
Nailistic & Spa Inc,Crestwood,Spa
Salon 95,Oak Lawn,Beauty salon
El's Salon,Chicago,Beauty salon
Dino's Superclips,Chicago,Beauty salon
Patti G's Salon and Spa,Oak Forest,Beauty salon
Laura's Hair Salon & Day Spa,Chicago,Beauty salon
Shic! An Upscale Nail Boutique,Midlothian,Nail salon
Nails Studio,Worth,Nail salon
Massage Envy,Oak Lawn,Massage spa
Liz's Hair Heaven,Evergreen Park,Beauty salon
Ms. Goldie's Golden Touch Mobile Salon,,Beauty salon
Glam Salon,Palos Heights,Hair salon
Great Clips,Palos Heights,Beauty salon
The Healthy Hair Lounge,Chicago,Beauty salon
La Coutoure Hair Studio,Palos Park,Beauty salon
Pampered Palace Salon,Chicago,Beauty salon
Shine African Hair Braiding,Chicago,Beauty salon
Cutting Edge Salon,Oak Lawn,Beauty salon
Krazy Nails,Palos Heights,Nail salon
Happy Nail,,Nail salon
Beauty By Minx,,Beauty salon
Posh Nails Salon & Spa,Merrionette Park,Nail salon
Hitech Nails,Chicago,Nail salon
Hollywood International,Blue Island,Beauty salon
One Park Place Salon,Palos Park,Beauty salon
Carrie Ella’s Hair Salon LLC,Chicago,Beauty salon
Paris Beauty Salon,Chicago,Beauty salon
Sophista Hair Design,Evergreen Park,Beauty salon
Sai Threading Beauty Salon,Bridgeview,Beauty salon
Regis Salon,Chicago Ridge,Beauty salon
French Nail Salon,Evergreen Park,Nail salon
"A Suite Salon, Oak Brook Terrace IL",Oakbrook Terrace,Spa
Bespoke Men's Grooming,Chicago,Hair salon
Perfect Threading,Oak Lawn,Beauty salon
Elite Beauty Salon,Chicago,Beauty salon
Sport Clips Haircuts of Crestwood,Crestwood,Hair salon
L B Beauty Suite LLC,Chicago,Beauty salon
Good Hair Day,Oak Forest,Beauty salon
Le's Nails studio,Midlothian,Nail salon
Unique Beauty Salon,Chicago,Beauty salon
Hair Topics,Crestwood,Hair salon
Supercuts,Oak Lawn,Beauty salon
Nino & Co Hair Design,Oak Forest,Beauty salon
Happy Shear's Beauty Salon,,Beauty salon
Barbee Dollis,Chicago,Beauty salon
Everything's Relative - Beverly,Chicago,Beauty salon
Luxure Nail & Beauty Bar,Oak Forest,Nail salon
Star Nails,Midlothian,Nail salon
Ultimate Arch Salon- Eyebrow Threading & Waxing,Midlothian,Beauty salon
J Beauty Salon,Palos Hills,Beauty salon
Shawnetta's Hair Salon & Boutique,Chicago,Beauty salon
Great Clips,Chicago Ridge,Beauty salon
Good Cuts Barbershop,Evergreen Park,Beauty salon
Earleans Beauty Salon,8746 S Ashland Ave,Beauty salon
GC Beauty Salon,3237 147th St,Hair salon
Shear Glam,9200 S Roberts Rd #1n,Beauty salon
Sport Clips Haircuts of Oak Lawn,10549 S Cicero Ave,Hair salon
Zamara MedSpa Medical Aesthetics,12800 S Ridgeland Ave suite e,Medical spa
Angel Nails & Waxing,4815 155th St,Nail salon
Xklusive Hair Studios,12756 Western Ave,Hair salon
JohnAmico.com,4731 136th St,Beauty salon
"K'Arielle Beauty, Inc.",4731 W Midlothian Turnpike #33,Make-up artist
Hassy African Hair Braiding,9449 S Ashland Ave,Beauty salon
Hair Cuttery,3273 W 115th St,Hair salon
Color Co. salon,4809 W 103rd St,Hair salon
Cameo Beauty Academy,9714 S Cicero Ave,Beauty salon
Total Indulgence Salon & Day Spa,8620 S Pulaski Rd,Beauty salon
Hair 'O Salon,,Hair salon
Clip Artists Hair Designs,4736 W 103rd St,Hair salon
"Hairs To You Too, Ltd",,Hair salon
Mikko's Beauty Bar,2008 W 119th St,Beauty salon
Hair Professionals Career College,10321 S Roberts Rd,Beauty salon
New Look Hair Salon.,13046 Western Ave,Hair salon
Northfield Plaza Salons,Northfield,Beauty salon
Bespoke Men's Grooming,Chicago,Hair salon
Earleans Beauty Salon,Chicago,Beauty salon
GC Beauty Salon,Midlothian,Hair salon
Shear Glam,Hickory Hills,Beauty salon
Sport Clips Haircuts of Oak Lawn,Oak Lawn,Hair salon
Evergreen Laser & Med Spa - Evergreen Park,Evergreen Park,Laser hair removal service
Chic Salon-Spa-Brow Studio,Palos Park,Beauty salon
Mini’s Spatique,Midlothian,Waxing hair removal service
Yudit Beauty Salon,Chicago,Beauty salon
Hair Cuttery,Evergreen Park,Hair salon
Walgreens,Alsip,Beauty supply store
Supercuts,Burbank,Beauty salon
Hi Style Hair Salon For Men,Oak Lawn,Barber shop
VIP Hair Salon,Palos Heights,Barber shop
Supercuts,Orland Park,Beauty salon
Alka Beauty Salon,Calumet City,Beauty salon
CosmoProf,Oak Lawn,Beauty supply store
SalonCentric,Oak Lawn,Beauty supply store
Supercuts,Orland Park,Beauty salon
Symmetry Hair Salon,La Grange Park,Beauty salon
Supercuts,Tinley Park,Beauty salon
Northfield Plaza Salons,Northfield,Beauty salon
Salon Furniture Warehouse,Des Plaines,Beauty supply store
Ara Salon,Chicago,Beauty salon
Sally Beauty,Worth,Beauty supply store
Good Beauty Chicago,Chicago,Beauty salon
First Class Cuts Barber Shop,Alsip,Barber shop
James Anthony Salon,Oak Park,Beauty salon
Bukes Salon Spa,Clarendon Hills,Beauty salon
Pearl's Beauty Salon,Chicago,Beauty salon
Elvira's Beauty Salon,Chicago,Beauty salon
Official Cuts,Alsip,Barber shop
Mario Tricoci Hair Salon & Day Spa - Chicago,Chicago,Beauty salon
Yeimi's Beauty Salon,Chicago,Beauty salon
Anna George Salon & Spa,Chicago,Beauty salon
Gloss Hair Salon,Chicago,Hair salon
Lavender Park Hair Salon,Chicago,Beauty salon
Salon Envy,Chicago,Beauty salon
Salon Lofts Orland Park,Orland Park,Hair salon
Niki Moon Salon & Spa,Naperville,Beauty salon
Maxine Salon,Chicago,Beauty salon
Spoil Me Hair Salon & Spa,Chicago,Beauty salon
Teez'd Hair Salon,Chicago,Beauty salon
Lather Chicago Hair Salon,Chicago,Beauty salon
The Circle Salon,Chicago,Beauty salon
Solo Salon - Elizabeth,Chicago,Beauty salon
Charles Ifergan Salon,Chicago,Beauty salon
Siren Salon,Chicago,Beauty salon
Sine Qua Non Salon,Chicago,Beauty salon
Supercuts,Forest Park,Beauty salon
Salon V,Chicago,Beauty salon
Le NuVo Salon and Spa,Chicago,Beauty salon
Paul Joseph Salon,Naperville,Beauty salon
Angel Foot Spa,Alsip,Massage therapist
Marianne Strokirk Salon,Chicago,Beauty salon
Chic Concepts Salon,Roselle,Beauty salon
57th Street Beauty Salon,Chicago,Hair salon
Supercuts,Chicago,Beauty salon
Supercuts,Chicago,Beauty salon
Matisse: a hair and spa studio,Chicago,Hair salon
Teddie Kossof Salon Spa,Northfield,Hair salon
Mario Tricoci Hair Salon & Day Spa - Hawthorn Center,Vernon Hills,Beauty salon
Grafin Skin and Beauty,Oakbrook Terrace,Facial spa
Mario Tricoci Hair Salon & Day Spa - Crystal Lake,Crystal Lake,Hair salon
Couture 360,Lake Zurich,Beauty salon
Hair Cuttery,Oak Park,Hair salon
Salon Lofts Fulton Market,Chicago,Hair salon
Salon Lofts River North,Chicago,Hair salon
Hair Queen,Chicago,Hair salon
Salon Aria,Woodridge,Hair salon
Hair Cuttery,Chicago,Hair salon
Dolce Vita Salon & Day Spa,Sycamore,Beauty salon
Hair Cuttery,Chicago,Hair salon
Empire Beauty School,Hanover Park,Beauty salon
Salon Lofts Lincoln Park - Belden Village,Chicago,Hair salon
Fix hair studio,Chicago,Hair salon
Walmart Pharmacy,Crestwood,Pharmacy
